end
220;187;193,062
220;172;229,489
220;173;264,948
330;274;903,859
330;272;722,384
330;265;688,244
end
220;188;109,451
220;166;102,037
end
end
220;158;176,619
end
220;155;136,996
220;178;175,173
neg
160;109;83,607
end
neg
160;131;112,865
rep
498;447;1902,241
492;412;1484,057
488;433;1768,867
482;402;1262,320
468;369;1267,035
pos
280;188;273,614
280;182;314,810
280;191;307,079
420;279;1044,112
420;289;915,998
420;289;924,386
560;373;2895,331
560;225;1086,279
pos
280;185;473,159
280;190;437,004
neg
160;125;36,214
120;61;25,631
neg
160;104;37,993
neg
160;93;37,096
neg
160;72;48,014
neg
neg
160;100;63,156
120;57;32,992
neg
neg
160;86;61,400
neg
160;101;78,013
neg
neg
neg
neg
end
end
end
end
end
end
end
end
end
end
end
end
220;176;458,362
end
end
220;183;293,025
220;181;340,088
220;194;396,431
330;253;960,541
330;272;1139,584
330;278;1208,675
end
